5.400000000000000000e+01
4.800000000000000000e+01
5.200000000000000000e+01
1.100000000000000000e+02
4.800000000000000000e+01
1.100000000000000000e+02
5.400000000000000000e+01
4.800000000000000000e+01
5.400000000000000000e+01
1.040000000000000000e+02
1.040000000000000000e+02
1.120000000000000000e+02
4.800000000000000000e+01
5.400000000000000000e+01
1.180000000000000000e+02
1.020000000000000000e+02
1.120000000000000000e+02
4.800000000000000000e+01
1.180000000000000000e+02
1.020000000000000000e+02
1.200000000000000000e+02
4.800000000000000000e+01
1.020000000000000000e+02
1.020000000000000000e+02
5.500000000000000000e+01
5.400000000000000000e+01
9.800000000000000000e+01
1.190000000000000000e+02
1.190000000000000000e+02
9.800000000000000000e+01
5.700000000000000000e+01
5.700000000000000000e+01
1.200000000000000000e+02
5.400000000000000000e+01
1.060000000000000000e+02
1.100000000000000000e+02
1.140000000000000000e+02
1.120000000000000000e+02
5.200000000000000000e+01
1.190000000000000000e+02
1.120000000000000000e+02
1.200000000000000000e+02
5.300000000000000000e+01
5.300000000000000000e+01
1.120000000000000000e+02
1.190000000000000000e+02
5.700000000000000000e+01
1.040000000000000000e+02
1.100000000000000000e+02
5.400000000000000000e+01
1.190000000000000000e+02
1.180000000000000000e+02
5.400000000000000000e+01
1.100000000000000000e+02
1.060000000000000000e+02
4.800000000000000000e+01
5.300000000000000000e+01
9.800000000000000000e+01
1.040000000000000000e+02
1.090000000000000000e+02
1.100000000000000000e+02
4.800000000000000000e+01
5.300000000000000000e+01
1.120000000000000000e+02
1.080000000000000000e+02
1.120000000000000000e+02
1.070000000000000000e+02
1.180000000000000000e+02
5.700000000000000000e+01
1.140000000000000000e+02
5.400000000000000000e+01
4.800000000000000000e+01
1.040000000000000000e+02
1.040000000000000000e+02
5.400000000000000000e+01
5.400000000000000000e+01
5.300000000000000000e+01
5.500000000000000000e+01
4.800000000000000000e+01
1.040000000000000000e+02
1.080000000000000000e+02
1.140000000000000000e+02
5.300000000000000000e+01
1.190000000000000000e+02
1.180000000000000000e+02
5.300000000000000000e+01
1.120000000000000000e+02
5.500000000000000000e+01
1.120000000000000000e+02
1.070000000000000000e+02
5.400000000000000000e+01
1.140000000000000000e+02
1.140000000000000000e+02
5.200000000000000000e+01
5.300000000000000000e+01
1.100000000000000000e+02
1.180000000000000000e+02
1.020000000000000000e+02
5.300000000000000000e+01
5.400000000000000000e+01
1.100000000000000000e+02
1.020000000000000000e+02
5.500000000000000000e+01
5.700000000000000000e+01
5.700000000000000000e+01
1.080000000000000000e+02
5.700000000000000000e+01
1.200000000000000000e+02
5.700000000000000000e+01
1.020000000000000000e+02
5.700000000000000000e+01
5.700000000000000000e+01
1.060000000000000000e+02
1.090000000000000000e+02
5.400000000000000000e+01
1.200000000000000000e+02
5.400000000000000000e+01
1.070000000000000000e+02
1.070000000000000000e+02
5.300000000000000000e+01
5.700000000000000000e+01
5.300000000000000000e+01
5.300000000000000000e+01
5.700000000000000000e+01
5.300000000000000000e+01
1.040000000000000000e+02
4.800000000000000000e+01
1.090000000000000000e+02
1.090000000000000000e+02
5.200000000000000000e+01
1.070000000000000000e+02
5.500000000000000000e+01
1.040000000000000000e+02
5.200000000000000000e+01
9.800000000000000000e+01
4.800000000000000000e+01
9.800000000000000000e+01
5.300000000000000000e+01
4.800000000000000000e+01
9.800000000000000000e+01
5.300000000000000000e+01
1.120000000000000000e+02
5.200000000000000000e+01
1.090000000000000000e+02
1.200000000000000000e+02
5.700000000000000000e+01
1.140000000000000000e+02
1.100000000000000000e+02
1.070000000000000000e+02
1.140000000000000000e+02
9.800000000000000000e+01
1.140000000000000000e+02
9.800000000000000000e+01
5.300000000000000000e+01
5.500000000000000000e+01
5.400000000000000000e+01
1.180000000000000000e+02
1.190000000000000000e+02
1.100000000000000000e+02
9.800000000000000000e+01
1.020000000000000000e+02
1.080000000000000000e+02
9.800000000000000000e+01
9.800000000000000000e+01
1.140000000000000000e+02
1.120000000000000000e+02
5.500000000000000000e+01
1.160000000000000000e+02
5.300000000000000000e+01
5.700000000000000000e+01
1.190000000000000000e+02
1.190000000000000000e+02
1.040000000000000000e+02
1.070000000000000000e+02
1.090000000000000000e+02
5.200000000000000000e+01
5.700000000000000000e+01
5.700000000000000000e+01
9.800000000000000000e+01
9.800000000000000000e+01
1.120000000000000000e+02
5.400000000000000000e+01
1.120000000000000000e+02
5.300000000000000000e+01
5.700000000000000000e+01
1.080000000000000000e+02
5.700000000000000000e+01
1.140000000000000000e+02
9.800000000000000000e+01
9.800000000000000000e+01
1.020000000000000000e+02
5.300000000000000000e+01
1.190000000000000000e+02
5.700000000000000000e+01
5.300000000000000000e+01
5.700000000000000000e+01
1.040000000000000000e+02
1.190000000000000000e+02
1.100000000000000000e+02
1.020000000000000000e+02
4.800000000000000000e+01
5.700000000000000000e+01
1.200000000000000000e+02
1.190000000000000000e+02
5.700000000000000000e+01
5.400000000000000000e+01
4.800000000000000000e+01
1.060000000000000000e+02
1.180000000000000000e+02
1.040000000000000000e+02
1.040000000000000000e+02
4.800000000000000000e+01
1.040000000000000000e+02
1.190000000000000000e+02
1.040000000000000000e+02
5.700000000000000000e+01
9.800000000000000000e+01
1.100000000000000000e+02
5.300000000000000000e+01
1.200000000000000000e+02
5.300000000000000000e+01
1.200000000000000000e+02
4.800000000000000000e+01
5.500000000000000000e+01
1.180000000000000000e+02
5.300000000000000000e+01
1.090000000000000000e+02
5.500000000000000000e+01
1.140000000000000000e+02
1.100000000000000000e+02
1.100000000000000000e+02
5.300000000000000000e+01
1.100000000000000000e+02
5.300000000000000000e+01
1.090000000000000000e+02
5.400000000000000000e+01
5.200000000000000000e+01
1.200000000000000000e+02
5.400000000000000000e+01
1.160000000000000000e+02
1.090000000000000000e+02
1.100000000000000000e+02
5.300000000000000000e+01
1.090000000000000000e+02
1.140000000000000000e+02
5.700000000000000000e+01
1.140000000000000000e+02
5.200000000000000000e+01
1.120000000000000000e+02
1.190000000000000000e+02
5.300000000000000000e+01
9.800000000000000000e+01
1.120000000000000000e+02
1.040000000000000000e+02
5.200000000000000000e+01
1.070000000000000000e+02
5.500000000000000000e+01
5.300000000000000000e+01
5.200000000000000000e+01
5.700000000000000000e+01
5.700000000000000000e+01
1.120000000000000000e+02
1.080000000000000000e+02
5.700000000000000000e+01
4.800000000000000000e+01
9.800000000000000000e+01
5.500000000000000000e+01
1.070000000000000000e+02
1.020000000000000000e+02
1.120000000000000000e+02
1.140000000000000000e+02
1.190000000000000000e+02
5.500000000000000000e+01
5.200000000000000000e+01
5.200000000000000000e+01
5.700000000000000000e+01
1.080000000000000000e+02
1.060000000000000000e+02
1.180000000000000000e+02
5.300000000000000000e+01
5.700000000000000000e+01
1.060000000000000000e+02
5.300000000000000000e+01
1.200000000000000000e+02
5.200000000000000000e+01
1.090000000000000000e+02
1.090000000000000000e+02
1.040000000000000000e+02
1.020000000000000000e+02
1.090000000000000000e+02
1.090000000000000000e+02
1.070000000000000000e+02
5.400000000000000000e+01
5.700000000000000000e+01
1.060000000000000000e+02
9.800000000000000000e+01
5.300000000000000000e+01
1.060000000000000000e+02
1.060000000000000000e+02
1.020000000000000000e+02
1.020000000000000000e+02
1.080000000000000000e+02
1.020000000000000000e+02
1.120000000000000000e+02
9.800000000000000000e+01
1.120000000000000000e+02
4.800000000000000000e+01
1.070000000000000000e+02
1.180000000000000000e+02
1.160000000000000000e+02
1.040000000000000000e+02
5.500000000000000000e+01
1.090000000000000000e+02
1.120000000000000000e+02
1.100000000000000000e+02
5.200000000000000000e+01
1.140000000000000000e+02
1.120000000000000000e+02
1.100000000000000000e+02
1.200000000000000000e+02
1.190000000000000000e+02
5.300000000000000000e+01
5.700000000000000000e+01
1.040000000000000000e+02
1.040000000000000000e+02
1.100000000000000000e+02
1.100000000000000000e+02
5.500000000000000000e+01
5.300000000000000000e+01
1.090000000000000000e+02
5.700000000000000000e+01
5.400000000000000000e+01
1.080000000000000000e+02
9.800000000000000000e+01
5.400000000000000000e+01
9.800000000000000000e+01
1.020000000000000000e+02
1.160000000000000000e+02
5.400000000000000000e+01
1.180000000000000000e+02
1.070000000000000000e+02
1.200000000000000000e+02
1.040000000000000000e+02
9.800000000000000000e+01
1.040000000000000000e+02
1.120000000000000000e+02
9.800000000000000000e+01
1.120000000000000000e+02
1.090000000000000000e+02
1.040000000000000000e+02
1.040000000000000000e+02
1.040000000000000000e+02
4.800000000000000000e+01
1.040000000000000000e+02
1.020000000000000000e+02
4.800000000000000000e+01
5.200000000000000000e+01
1.070000000000000000e+02
1.080000000000000000e+02
1.040000000000000000e+02
1.100000000000000000e+02
1.020000000000000000e+02
1.070000000000000000e+02
1.120000000000000000e+02
1.190000000000000000e+02
